timestamp_ms,speed_mps,heading_degrees,turn_rate_dps,acceleration_mps2,group_label
1000,10.5,45.0,2.0,1.2,LC1_S1
2000,12.3,47.0,1.5,0.8,LC1_S1
3000,11.8,48.5,-0.5,-0.2,LC1_S1
4000,11.0,48.0,-1.0,-0.4,LC1_S2
5000,10.8,47.0,-2.0,-0.1,LC1_S2
6000,11.2,45.0,1.5,0.2,LC1_S2
7000,12.0,46.5,0.8,0.4,LC2_S1
8000,12.5,47.3,0.5,0.3,LC2_S1
9000,12.8,47.8,0.3,0.2,LC2_S1
10000,12.6,48.0,0.1,-0.1,LC2_S2 